
yay awesome map but lots of work

<start-settings>
countriesPerTroop 5
initialTroopsInCountries 3
fortifies 3
<end-settings>
<start-nodeNetwork>
0 137 138 139 140 1
1 0 2
2 1 3 7
3 4 2 7
4 5 3 6
5 4
6 18 4
7 3 2 8
8 7 9
9 8 10 13
10 9 11 13
11 10 12
12 11 140
13 14 9 10
14 15 44 13
15 16 14 23
16 15 17 24 22
17 19 18 20 16 22
18 19 6 20 17
19 18 17
20 21 22 17 18
21 33 34 20
22 20 29 24 16 17
23 25 24 15
24 26 25 23 16 22 29
25 26 24 23
26 41 27 25 24 28
27 26 41 49 48 42
28 31 40 41 26 29
29 30 28 24 22
30 32 65 31 29
31 30 59 56 40 28
32 67 65 30 33 36
33 32 34 35 36 21
34 35 33 21
35 33 34 36 37 38
36 67 32 33 35 37
37 36 35 38
38 37 35 39 122
39 38
40 31 28 41 52
41 40 28 26 27 49
42 27 43
43 42 44
44 43 45 46 14
45 44 46
46 44 45 47 48
47 46 50
48 49 27 46 50
49 51 52 41 27 48
50 51 47 48
51 54 53 49 50
52 53 56 40 49
53 55 54 51 52
54 51 53 55
55 58 57 53 54
56 57 59 31 52
57 58 59 56 55
58 68 57 55 121
59 60 57 56 31
60 61 59 64
61 64 62 60
62 74 73 121 63 61
63 88 62 64
64 63 61 60 66 65
65 64 66 67 32 30
66 88 67 65 64 89
67 89 66 32 36 65
68 121 58 69 73
69 70 72 73 68
70 71 69
71 77 70
72 76 73 69
73 72 69 68 121 62 74
74 75 73 86 62
75 79 76 74
76 75 78 72 79
77 71 78
78 77 76 81 82 79
79 80 81 75 76 78
80 81 84 85 79 82
81 80 82 78 79
82 83 80 78 81
83 107 82
84 80
85 80 90 92 86
86 85 74 87 90
87 90 91 89 88 86
88 87 89 66 63
89 95 87 88 66 67
90 85 86 87 91 92
91 90 92 93 94 87
92 99 85 90 91 93
93 92 94 91
94 93 96 95 91
95 96 94 89
96 104 94 95
97 99 98 107
98 110 101 99 97
99 97 98 100 92
100 101 103 99 102
101 98 110 102 100
102 104 112 114 101 103 100
103 103 104 100 102
104 102 103 96 105 115
105 104 106
106 105 115 120
107 83 108 97
108 109 107
109 110 111 108
110 109 98 101
111 109 112 113
112 111 102 114 113
113 111 114 118 112
114 113 116 115 102 112
115 104 106 117 114
116 114 118 117
117 116 120 115
118 116 113 126 119
119 118 126 130 120
120 117 106 127 119
121 68 73 62 58
122 38 123
123 122 124
124 125 132 123
125 124
126 118 119 130 128
127 120 130 128 131
128 126 130 127 129
129 128 134
130 126 119 127 128
131 127 133 132
132 131 124
133 131 134
134 129 133 135
135 134 136
136 135 142
137 142 138 0
138 137 141 139 0
139 138 141 140 0
140 0 139 12
141 138 139
142 136 137 138 139 140 1
<end-nodeNetwork>
<start-mapFile>
toConvert.png
<end-mapFile>
<start-cordinates>
0 700 514
1 669 488
2 595 487
3 556 464
4 535 438
5 514 415
6 539 402
7 609 426
8 630 398
9 658 383
10 690 407
11 726 439
12 756 447
13 648 330
14 639 271
15 604 267
16 574 273
17 546 301
18 532 336
19 558 348
20 498 310
21 466 274
22 530 264
23 610 231
24 558 223
25 591 199
26 559 169
27 589 131
28 495 174
29 474 220
30 404 195
31 431 153
32 372 253
33 404 267
34 427 298
35 391 325
36 359 300
37 362 339
38 378 364
39 404 403
40 475 143
41 521 144
42 619 164
43 634 187
44 661 191
45 670 167
46 655 134
47 619 62
48 597 95
49 539 84
50 556 28
51 501 37
52 488 85
53 459 58
54 438 23
55 405 54
56 426 106
57 386 85
58 348 52
59 390 131
60 353 144
61 320 141
62 280 125
63 291 178
64 331 186
65 354 202
66 312 217
67 317 261
68 308 64
69 278 59
70 274 27
71 219 49
72 245 72
73 268 93
74 232 131
75 208 111
76 198 88
77 180 58
78 169 85
79 178 122
80 154 132
81 157 108
82 136 112
83 102 131
84 137 162
85 187 157
86 235 172
87 237 206
88 269 205
89 272 253
90 205 198
91 216 230
92 166 216
93 184 256
94 218 298
95 254 291
96 179 335
97 116 207
98 92 250
99 130 235
100 134 286
101 98 297
102 101 355
103 142 326
104 143 357
105 194 373
106 167 408
107 81 170
108 49 212
109 33 265
110 66 268
111 33 325
112 66 356
113 37 398
114 68 399
115 124 413
116 77 454
117 108 454
118 60 491
119 92 514
120 131 478
121 304 99
122 358 426
123 327 490
124 278 530
125 244 487
126 84 557
127 145 522
128 118 575
129 118 612
130 110 540
131 195 545
132 241 554
133 191 586
134 218 689
135 349 714
136 393 725
137 601 604
138 664 609
139 707 596
140 727 547
141 682 634
142 483 635
<end-cordinates>

<start-bonuses>
0 140 139 141 138 137 3
114 115 117 116 120 118 119 4
30 31 29 28 22 24 16 15 23 14 25 26 6
97 98 99 100 101 103 102 104 106 105 5
68 69 70 71 72 73 74 75 76 4
1 1
77 1
135 136 1
32 33 34 35 36 37 38 39 4
8 7 1
44 45 46 2
59 60 61 62 3
42 43 1
131 133 1
3 4 5 6 2
122 123 1
132 124 125 1
85 86 87 88 89 90 91 92 93 94 95 96 4
40 41 1
142 1
134 1
11 12 1
9 10 13 2
47 48 50 51 49 52 53 54 55 56 57 58 121 6
70 71 1
17 18 19 20 21 3
126 127 128 129 130 3
107 108 109 110 111 112 113 4
63 64 65 66 67 3
78 79 80 81 82 83 84 4
<end-bouses>
